Set parameter NodefileStart to value 6
Read parameters from file gurobi.env
Restricted license - for non-production use only - expires 2027-11-29
Set parameter OutputFlag to value 1
Set parameter Threads to value 4
Set parameter TimeLimit to value 19800
Set parameter MIPGap to value 5e-05
Set parameter MIPFocus to value 2
Set parameter NonConvex to value 2
Set parameter BestBdStop to value 2.7426211734693878e-02
Gurobi Optimizer version 13.0.3 build v13.0.3rc0 (linux64 - "Ubuntu 24.04.4 LTS")

CPU model: Intel(R) Xeon(R) Processor @ 2.10GHz, instruction set [SSE2|AVX|AVX2|AVX512]
Thread count: 4 physical cores, 4 logical processors, using up to 4 threads

Non-default parameters:
TimeLimit  19800
BestBdStop  2.7426211734693878e-02
MIPGap  5e-05
MIPFocus  2
NodefileStart  6
NonConvex  2
Threads  4

Optimize a model with 165 rows, 135 columns and 976 nonzeros (Max)
Model fingerprint: 0xa478b21d
Model has 1 linear objective coefficients
Model has 50 quadratic constraints
Variable types: 65 continuous, 70 integer (70 binary)
Coefficient statistics:
  Matrix range     [5e-01, 1e+00]
  QMatrix range    [1e+00, 1e+00]
  QLMatrix range   [1e+00, 1e+00]
  Objective range  [1e+00, 1e+00]
  Bounds range     [5e-01, 1e+00]
  RHS range        [1e+00, 1e+00]

Found heuristic solution: objective -0.0000000
Presolve time: 0.00s
Presolved: 365 rows, 136 columns, 1376 nonzeros
Presolved model has 50 bilinear constraint(s)

Solving non-convex MIQCP to global optimality

Variable types: 66 continuous, 70 integer (70 binary)
Root relaxation presolve removed 50 rows and 1 columns
Root relaxation presolved: 315 rows, 135 columns, 1326 nonzeros


Root relaxation: objective 2.500000e-01, 117 iterations, 0.00 seconds (0.00 work units)

    Nodes    |    Current Node    |     Objective Bounds      |     Work
 Expl Unexpl |  Obj  Depth IntInf | Incumbent    BestBd   Gap | It/Node Time

     0     0    0.25000    0   43   -0.00000    0.25000      -     -    0s
     0     0    0.12500    0   96   -0.00000    0.12500      -     -    0s
     0     0    0.12500    0  102   -0.00000    0.12500      -     -    0s
     0     0    0.12500    0   90   -0.00000    0.12500      -     -    0s
H    0     0                       0.0000000    0.12500      -     -    0s
     0     0    0.12500    0   92    0.00000    0.12500      -     -    0s
     0     0    0.12500    0   87    0.00000    0.12500      -     -    0s
     0     0    0.12500    0   83    0.00000    0.12500      -     -    0s
     0     0    0.12500    0   84    0.00000    0.12500      -     -    0s
     0     0    0.12500    0   84    0.00000    0.12500      -     -    0s
     0     0    0.12500    0   87    0.00000    0.12500      -     -    0s
     0     0    0.12500    0   87    0.00000    0.12500      -     -    0s
     0     0    0.12500    0   87    0.00000    0.12500      -     -    0s
     0     2    0.12500    0   87    0.00000    0.12500      -     -    0s
H   16    32                       0.0000000    0.12500      -  43.4    0s
H   26    32                       0.0000000    0.12500      -  40.5    0s
H  120   155                       0.0000000    0.12500      -  29.1    0s
H  132   155                       0.0000000    0.12500      -  29.7    0s
*  713   635              98       0.0000002    0.12500      -  28.0    0s
H  726   635                       0.0000002    0.12500      -  28.3    0s
H 1075   928                       0.0000004    0.12500      -  28.8    0s
H 1193   939                       0.0038381    0.10533  2644%  29.4    1s
H 1193   892                       0.0087261    0.10533  1107%  29.4    1s
H 1195   849                       0.0087261    0.10097  1057%  29.3    1s
H 1249   845                       0.0109289    0.10097   824%  33.3    1s
H 2269  1203                       0.0109608    0.10097   821%  33.7    1s
H 2271  1090                       0.0125981    0.10097   701%  33.8    1s
H 2346  1139                       0.0125981    0.10097   701%  33.5    2s
H 2508  1130                       0.0126172    0.09755   673%  33.1    2s
H 2784  1211                       0.0126175    0.09718   670%  33.0    2s
H 2829  1164                       0.0126205    0.09718   670%  33.3    2s
H 2848  1170                       0.0126205    0.09718   670%  33.6    2s
H 3861  1735                       0.0126630    0.09429   645%  35.3    2s
* 5577  2568              99       0.0154101    0.09027   486%  36.5    2s
* 5578  2566              99       0.0154102    0.09027   486%  36.5    2s
H 5955  2737                       0.0155067    0.08991   480%  36.2    2s
H 6069  2894                       0.0155067    0.08989   480%  36.3    2s
H 6271  2730                       0.0184563    0.08860   380%  36.1    3s
H 6498  2858                       0.0184563    0.08841   379%  35.8    3s
* 6526  2822             124       0.0186809    0.08841   373%  35.8    3s
* 6530  2820             126       0.0186924    0.08841   373%  35.7    3s
H 7284  3073                       0.0186924    0.08648   363%  36.0    3s
H 7500  3161                       0.0187204    0.08593   359%  36.1    3s
 12509  5514    0.03429   37   50    0.01872    0.07833   318%  37.4    5s
H20429  8642                       0.0187500    0.07422   296%  37.9    7s
H20437  8645                       0.0187500    0.07414   295%  37.9    7s
H21654  9090                       0.0188550    0.07385   292%  38.1    8s
 26596 11218    0.02025   37   51    0.01886    0.07175   281%  37.4   10s
 44960 17849    0.02970   37   56    0.01886    0.06804   261%  37.7   15s
 60341 23385     cutoff   33         0.01886    0.06611   251%  37.7   20s
 75659 28465     cutoff   30         0.01886    0.06481   244%  37.6   25s
 92930 34038    0.02076   37   58    0.01886    0.06358   237%  37.3   30s
 111001 39928    0.04253   27   59    0.01886    0.06239   231%  37.2   35s
 128287 45253     cutoff   38         0.01886    0.06139   226%  37.1   40s
 146023 50494    0.02020   34   61    0.01886    0.06063   222%  37.1   45s
 162056 55162    0.04128   37   64    0.01886    0.05998   218%  37.0   50s
 181360 61021    0.02565   39   52    0.01886    0.05925   214%  36.9   55s
H182441 58964                       0.0205004    0.05920   189%  36.9   55s
H182651 59085                       0.0205004    0.05920   189%  36.9   55s
H183782 59335                       0.0205004    0.05915   189%  36.9   55s
 194273 62313     cutoff   37         0.02050    0.05875   187%  36.9   60s
 212451 67044     cutoff   40         0.02050    0.05807   183%  36.7   65s
 229268 71350    0.04403   30   63    0.02050    0.05758   181%  36.8   70s
 246827 75862 infeasible   40         0.02050    0.05704   178%  36.7   75s
H254220 75435                       0.0216606    0.05682   162%  36.7   77s
 262507 77457    0.02354   39   55    0.02166    0.05656   161%  36.7   80s
 281456 81957 infeasible   36         0.02166    0.05604   159%  36.7   85s
 299548 85818    0.04800   36   61    0.02166    0.05560   157%  36.7   90s
 317340 89887    0.02329   35   54    0.02166    0.05519   155%  36.7   95s
 335496 93830    0.02638   41   38    0.02166    0.05477   153%  36.6  100s
 352137 97615    0.02584   32   61    0.02166    0.05445   151%  36.6  105s
 367876 101033    0.02726   31   55    0.02166    0.05418   150%  36.6  110s
 385321 104523    0.04515   28   70    0.02166    0.05386   149%  36.6  115s
 403011 107981    0.02243   29   53    0.02166    0.05355   147%  36.5  120s
 421583 111540     cutoff   36         0.02166    0.05326   146%  36.5  125s
 441099 115093     cutoff   34         0.02166    0.05296   144%  36.5  130s
 460018 118464     cutoff   41         0.02166    0.05269   143%  36.5  135s
 476116 121288    0.02735   33   39    0.02166    0.05246   142%  36.5  140s
 490785 123784    0.02392   38   64    0.02166    0.05223   141%  36.5  145s
 506449 126631     cutoff   32         0.02166    0.05201   140%  36.5  150s
 523292 129832    0.02873   37   54    0.02166    0.05178   139%  36.5  155s
 540707 132932     cutoff   34         0.02166    0.05154   138%  36.4  160s
 557456 136113     cutoff   35         0.02166    0.05133   137%  36.4  165s
 574000 138833    0.02307   32   51    0.02166    0.05114   136%  36.4  170s
 592162 141586     cutoff   43         0.02166    0.05091   135%  36.4  175s
 608981 144248     cutoff   35         0.02166    0.05072   134%  36.4  180s
H610764 141610                       0.0223880    0.05071   127%  36.4  180s
H611122 141649                       0.0223880    0.05071   126%  36.4  180s
H612250 141778                       0.0223880    0.05069   126%  36.4  181s
H613577 141975                       0.0223880    0.05068   126%  36.4  182s
 619655 143038     cutoff   32         0.02239    0.05061   126%  36.4  185s
 636277 145521    0.03918   30   58    0.02239    0.05043   125%  36.4  190s
 654811 148177     cutoff   27         0.02239    0.05025   124%  36.4  195s
 672243 150738    0.03032   37   56    0.02239    0.05008   124%  36.4  200s
 688882 153156    0.04178   28   66    0.02239    0.04992   123%  36.3  205s
 704420 155608    0.04618   33   65    0.02239    0.04976   122%  36.3  210s
 722525 158320    0.04763   25   64    0.02239    0.04958   121%  36.3  215s
 741121 160943    0.02876   36   54    0.02239    0.04940   121%  36.3  220s
 758984 163273    0.02789   31   46    0.02239    0.04923   120%  36.3  225s
 777577 165539    0.02295   31   57    0.02239    0.04906   119%  36.3  230s
 795537 167969 infeasible   45         0.02239    0.04889   118%  36.3  235s
 813260 170059    0.03183   32   54    0.02239    0.04873   118%  36.3  240s
 831488 172454    0.03012   35   55    0.02239    0.04857   117%  36.3  245s
 846585 174338     cutoff   38         0.02239    0.04844   116%  36.3  250s
 862987 176525    0.03398   36   54    0.02239    0.04829   116%  36.2  255s
 878329 178375    0.03161   33   58    0.02239    0.04816   115%  36.2  260s
 897197 180762 infeasible   40         0.02239    0.04800   114%  36.2  265s
 913386 182758    0.02488   40   58    0.02239    0.04787   114%  36.2  270s
 930654 184697     cutoff   32         0.02239    0.04773   113%  36.2  275s
 949096 186973    0.03535   29   61    0.02239    0.04759   113%  36.2  280s
 966319 189104    0.04742   35   56    0.02239    0.04746   112%  36.2  285s
 978201 190427     cutoff   36         0.02239    0.04737   112%  36.2  290s
 994524 192403    0.02887   36   60    0.02239    0.04724   111%  36.2  295s
 1011245 194447    0.03105   34   52    0.02239    0.04711   110%  36.2  300s
 1028592 196546    0.04383   35   63    0.02239    0.04698   110%  36.2  305s
 1045926 198773     cutoff   38         0.02239    0.04684   109%  36.2  310s
 1063706 200792    0.03096   34   55    0.02239    0.04671   109%  36.2  315s
 1080421 202736     cutoff   34         0.02239    0.04660   108%  36.2  320s
 1099303 204826    0.02289   30   50    0.02239    0.04646   108%  36.2  325s
 1115984 206672    0.02728   37   54    0.02239    0.04634   107%  36.2  330s
 1132685 208534     cutoff   35         0.02239    0.04623   106%  36.2  335s
 1147938 210083     cutoff   42         0.02239    0.04612   106%  36.1  340s
 1164617 211854     cutoff   38         0.02239    0.04601   105%  36.1  345s
 1180474 213437     cutoff   38         0.02239    0.04590   105%  36.1  350s
 1196261 215165    0.03056   36   47    0.02239    0.04579   105%  36.1  355s
 1212087 217086    0.02312   39   54    0.02239    0.04568   104%  36.1  360s
 1230508 218875    0.02617   35   55    0.02239    0.04555   103%  36.1  365s
 1247392 220515 infeasible   37         0.02239    0.04544   103%  36.1  370s
 1264611 222060     cutoff   34         0.02239    0.04532   102%  36.1  375s
 1282071 223613    0.02750   31   55    0.02239    0.04521   102%  36.1  380s
 1299136 225304     cutoff   36         0.02239    0.04512   102%  36.1  385s
 1317061 227016     cutoff   40         0.02239    0.04501   101%  36.1  390s
 1329792 228258     cutoff   36         0.02239    0.04494   101%  36.1  395s
 1345841 229778     cutoff   30         0.02239    0.04483   100%  36.1  400s
 1359062 231106    0.02250   41   50    0.02239    0.04475   100%  36.1  405s
 1374941 232696     cutoff   34         0.02239    0.04466  99.5%  36.0  410s
 1392278 234276    0.03666   33   56    0.02239    0.04455  99.0%  36.0  415s
 1408677 235801     cutoff   31         0.02239    0.04445  98.5%  36.0  420s
 1425421 237963     cutoff   43         0.02239    0.04436  98.2%  36.0  425s
 1443025 239721     cutoff   33         0.02239    0.04425  97.7%  36.0  430s
 1459258 241288    0.04335   35   63    0.02239    0.04415  97.2%  36.0  435s
 1475371 242753    0.02532   31   57    0.02239    0.04405  96.8%  36.0  440s
 1491371 244171    0.02808   32   60    0.02239    0.04396  96.4%  36.0  445s
 1505746 245262 infeasible   37         0.02239    0.04388  96.0%  36.0  450s
 1521363 246675    0.04103   33   57    0.02239    0.04379  95.6%  35.9  455s
 1537541 248110    0.02521   42   56    0.02239    0.04370  95.2%  35.9  460s
 1553873 249419    0.02289   34   50    0.02239    0.04361  94.8%  35.9  465s
 1570255 250971     cutoff   40         0.02239    0.04353  94.4%  35.9  470s
 1585953 252392    0.03122   36   57    0.02239    0.04345  94.1%  35.9  475s
 1599705 253796    0.02444   36   56    0.02239    0.04337  93.7%  35.9  480s
 1617222 255429    0.02740   36   30    0.02239    0.04328  93.3%  35.9  485s
 1634119 256902    0.02304   32   58    0.02239    0.04319  92.9%  35.9  490s
 1651604 258452    0.03534   34   60    0.02239    0.04310  92.5%  35.9  495s
 1664394 259563     cutoff   39         0.02239    0.04303  92.2%  35.9  500s
 1679373 260736    0.04268   32   56    0.02239    0.04296  91.9%  35.9  505s
 1696547 262072    0.02428   35   54    0.02239    0.04287  91.5%  35.9  510s
 1713069 263398    0.02717   33   51    0.02239    0.04279  91.1%  35.8  515s
 1731626 264893 infeasible   36         0.02239    0.04270  90.7%  35.8  520s
 1747499 266143    0.02850   33   53    0.02239    0.04262  90.4%  35.8  525s
 1763913 267533     cutoff   32         0.02239    0.04254  90.0%  35.8  530s
 1780834 268852     cutoff   31         0.02239    0.04246  89.6%  35.8  535s
 1797606 270235    0.03700   28   64    0.02239    0.04238  89.3%  35.8  540s
 1813183 271508     cutoff   38         0.02239    0.04230  88.9%  35.8  545s
 1827387 272686     cutoff   37         0.02239    0.04223  88.6%  35.8  550s
 1842266 273885    0.03153   33   54    0.02239    0.04216  88.3%  35.8  555s
 1855728 275028    0.02917   35   56    0.02239    0.04209  88.0%  35.8  560s
 1871216 276109     cutoff   34         0.02239    0.04202  87.7%  35.7  565s
 1887421 277432     cutoff   39         0.02239    0.04194  87.3%  35.7  570s
 1904023 278640    0.02510   42   56    0.02239    0.04186  87.0%  35.7  575s
 1920486 279982    0.02690   38   57    0.02239    0.04178  86.6%  35.7  580s
 1937928 281166     cutoff   42         0.02239    0.04170  86.3%  35.7  585s
 1954428 282382     cutoff   37         0.02239    0.04161  85.9%  35.7  590s
 1972202 283728    0.02357   39   61    0.02239    0.04153  85.5%  35.7  595s
 1989203 284909    0.02590   41   57    0.02239    0.04145  85.2%  35.7  600s
 2008006 286232     cutoff   36         0.02239    0.04137  84.8%  35.7  605s
 2025419 287391    0.02477   33   56    0.02239    0.04130  84.5%  35.7  610s
 2041812 288557     cutoff   31         0.02239    0.04123  84.2%  35.6  615s
 2054551 289350     cutoff   34         0.02239    0.04118  83.9%  35.6  620s
 2070679 290605     cutoff   41         0.02239    0.04111  83.6%  35.6  625s
 2086901 291793    0.02337   32   53    0.02239    0.04104  83.3%  35.6  630s
 2103448 292753    0.02356   37   46    0.02239    0.04097  83.0%  35.6  635s
 2118372 293566     cutoff   38         0.02239    0.04090  82.7%  35.6  640s
 2135444 294581    0.03944   24   61    0.02239    0.04083  82.4%  35.6  645s
 2152500 295879     cutoff   35         0.02239    0.04076  82.1%  35.6  650s
 2170563 297150    0.03452   32   54    0.02239    0.04069  81.7%  35.6  655s
 2187147 298207    0.02548   38   56    0.02239    0.04062  81.4%  35.6  660s
 2204404 301196    0.02576   31   57    0.02239    0.04060  81.3%  35.6  665s
 2220205 302128    0.03037   34   51    0.02239    0.04053  81.0%  35.6  670s
 2236169 303348     cutoff   40         0.02239    0.04047  80.8%  35.6  675s
 2251968 304424     cutoff   39         0.02239    0.04041  80.5%  35.6  680s
 2270330 305637     cutoff   38         0.02239    0.04034  80.2%  35.5  685s
 2284124 306434    0.02321   29   51    0.02239    0.04028  79.9%  35.5  690s
 2298932 307520     cutoff   36         0.02239    0.04023  79.7%  35.5  695s
 2313247 308549    0.03834   36   61    0.02239    0.04017  79.4%  35.5  700s
 2329722 309809     cutoff   37         0.02239    0.04011  79.2%  35.5  705s
 2345180 310939    0.02665   34   54    0.02239    0.04005  78.9%  35.5  710s
 2362656 312189    0.03193   29   63    0.02239    0.03999  78.6%  35.5  715s
 2379654 313208     cutoff   39         0.02239    0.03993  78.3%  35.5  720s
 2396999 314293    0.02454   36   54    0.02239    0.03986  78.1%  35.5  725s
 2415729 315633     cutoff   41         0.02239    0.03980  77.8%  35.4  730s
 2434057 316721    0.02909   36   59    0.02239    0.03973  77.5%  35.4  735s
 2451639 317795    0.03666   31   51    0.02239    0.03967  77.2%  35.4  740s
 2467085 318875    0.03869   25   62    0.02239    0.03962  77.0%  35.4  745s
 2484249 320162     cutoff   32         0.02239    0.03955  76.7%  35.4  750s
 2501313 321200     cutoff   36         0.02239    0.03949  76.4%  35.4  755s
 2518853 322033     cutoff   32         0.02239    0.03943  76.1%  35.4  760s
 2537468 323120     cutoff   33         0.02239    0.03936  75.8%  35.3  765s
 2552389 323850    0.03080   28   60    0.02239    0.03931  75.6%  35.3  770s
 2571063 325017    0.03483   34   51    0.02239    0.03925  75.3%  35.3  775s
 2589861 326268    0.02633   39   52    0.02239    0.03918  75.0%  35.3  780s
 2608903 327371    0.02521   37   45    0.02239    0.03911  74.7%  35.3  785s
 2623426 328225    0.02442   37   52    0.02239    0.03907  74.5%  35.3  790s
 2640162 329227     cutoff   40         0.02239    0.03901  74.2%  35.3  795s
 2657224 330175     cutoff   42         0.02239    0.03896  74.0%  35.3  800s
 2673562 331145     cutoff   45         0.02239    0.03890  73.8%  35.2  805s
 2691572 332447    0.02807   39   60    0.02239    0.03885  73.5%  35.2  810s
 2710704 333466     cutoff   34         0.02239    0.03878  73.2%  35.2  815s
 2728894 334527     cutoff   31         0.02239    0.03872  73.0%  35.2  820s
 2747120 335491     cutoff   42         0.02239    0.03866  72.7%  35.2  825s
 2763644 336529     cutoff   43         0.02239    0.03861  72.4%  35.2  830s
 2782910 337744    0.02492   35   54    0.02239    0.03854  72.2%  35.2  835s
 2797673 338517     cutoff   35         0.02239    0.03850  72.0%  35.1  840s
 2815706 339531    0.03078   33   52    0.02239    0.03845  71.7%  35.1  845s
 2831614 340409    0.02989   40   42    0.02239    0.03840  71.5%  35.1  850s
 2850845 341525     cutoff   37         0.02239    0.03834  71.2%  35.1  855s
 2867549 342419     cutoff   39         0.02239    0.03829  71.0%  35.1  860s
 2887235 343493     cutoff   35         0.02239    0.03822  70.7%  35.1  865s
 2905040 344556     cutoff   35         0.02239    0.03817  70.5%  35.1  870s
 2921837 345542    0.02830   35   56    0.02239    0.03811  70.2%  35.0  875s
 2940696 346549    0.03041   34   57    0.02239    0.03806  70.0%  35.0  880s
 2956190 347307     cutoff   41         0.02239    0.03801  69.8%  35.0  885s
 2973151 348312     cutoff   42         0.02239    0.03796  69.6%  35.0  890s
 2993576 349524    0.03787   31   56    0.02239    0.03790  69.3%  35.0  895s
 3012976 350550     cutoff   40         0.02239    0.03784  69.0%  35.0  900s
 3031692 351460    0.02569   40   54    0.02239    0.03778  68.8%  34.9  905s
 3051001 352328    0.02555   38   55    0.02239    0.03772  68.5%  34.9  910s
 3069157 353344     cutoff   37         0.02239    0.03767  68.3%  34.9  915s
 3085605 354485     cutoff   38         0.02239    0.03762  68.0%  34.9  920s
 3103941 355718 infeasible   45         0.02239    0.03757  67.8%  34.9  925s
 3121081 356691    0.03349   35   54    0.02239    0.03753  67.6%  34.9  930s
 3139571 357825    0.02640   39   61    0.02239    0.03748  67.4%  34.8  935s
 3157024 358656    0.03339   32   67    0.02239    0.03743  67.2%  34.8  940s
 3173806 359480    0.02383   34   61    0.02239    0.03738  67.0%  34.8  945s
 3187953 360314     cutoff   40         0.02239    0.03735  66.8%  34.8  950s
 3207966 361414    0.02442   49   22    0.02239    0.03729  66.6%  34.8  955s
 3226823 362255    0.02753   36   55    0.02239    0.03724  66.3%  34.8  960s
 3245436 363309    0.03045   35   56    0.02239    0.03719  66.1%  34.8  965s
 3262769 364180 infeasible   36         0.02239    0.03714  65.9%  34.7  970s
 3277008 364787     cutoff   38         0.02239    0.03710  65.7%  34.7  975s
 3294957 365859    0.02790   35   56    0.02239    0.03705  65.5%  34.7  980s
 3315688 366901     cutoff   33         0.02239    0.03700  65.2%  34.7  985s
 3334101 367986    0.02776   37   54    0.02239    0.03695  65.0%  34.7  990s
 3352639 368807    0.02625   34   53    0.02239    0.03690  64.8%  34.7  995s
 3370410 369606     cutoff   37         0.02239    0.03685  64.6%  34.7 1000s
 3388309 370627    0.02768   50   34    0.02239    0.03680  64.4%  34.6 1005s
 3404002 371222 infeasible   55         0.02239    0.03676  64.2%  34.6 1010s
 3423857 372131    0.02403   44   32    0.02239    0.03671  64.0%  34.6 1015s
 3442385 373228     cutoff   36         0.02239    0.03667  63.8%  34.6 1020s
 3457712 374024    0.02681   37   58    0.02239    0.03662  63.6%  34.6 1025s
 3476262 375077    0.02413   36   58    0.02239    0.03657  63.4%  34.6 1030s
 3495257 375823     cutoff   41         0.02239    0.03652  63.1%  34.5 1035s
 3512996 376657     cutoff   37         0.02239    0.03648  62.9%  34.5 1040s
 3528224 377408    0.02913   29   54    0.02239    0.03644  62.8%  34.5 1045s
 3546487 378134     cutoff   40         0.02239    0.03639  62.6%  34.5 1050s
 3563602 379344 infeasible   62         0.02239    0.03635  62.3%  34.5 1055s
 3582972 380307    0.02373   40   45    0.02239    0.03630  62.1%  34.5 1060s
 3601891 381233     cutoff   38         0.02239    0.03625  61.9%  34.4 1065s
 3618698 381909     cutoff   45         0.02239    0.03621  61.7%  34.4 1070s
 3636792 382720    0.03086   35   59    0.02239    0.03616  61.5%  34.4 1075s
 3654001 383572    0.02680   41   39    0.02239    0.03612  61.3%  34.4 1080s
 3671883 384709    0.02538   44   56    0.02239    0.03608  61.1%  34.4 1085s
 3687726 385479    0.02295   35   68    0.02239    0.03604  61.0%  34.4 1090s
 3706631 386365    0.02687   31   65    0.02239    0.03599  60.8%  34.3 1095s
 3722150 387270    0.02247   47   40    0.02239    0.03595  60.6%  34.3 1100s
 3739308 388057    0.03231   29   59    0.02239    0.03591  60.4%  34.3 1105s
 3756782 388745    0.02667   41   49    0.02239    0.03587  60.2%  34.3 1110s
 3774501 389455     cutoff   35         0.02239    0.03582  60.0%  34.3 1115s
 3792810 390485     cutoff   45         0.02239    0.03578  59.8%  34.3 1120s
 3805919 390934     cutoff   37         0.02239    0.03575  59.7%  34.2 1125s
 3822708 391595    0.02309   39   57    0.02239    0.03571  59.5%  34.2 1130s
 3841499 392423    0.03476   30   55    0.02239    0.03566  59.3%  34.2 1135s
 3859200 393117     cutoff   39         0.02239    0.03562  59.1%  34.2 1140s
 3878538 394017     cutoff   42         0.02239    0.03558  58.9%  34.2 1145s
 3896661 394763     cutoff   39         0.02239    0.03554  58.7%  34.2 1150s
 3917325 395882     cutoff   41         0.02239    0.03549  58.5%  34.1 1155s
 3934618 396775    0.03382   34   57    0.02239    0.03545  58.4%  34.1 1160s
 3954846 397637    0.02239   38   53    0.02239    0.03541  58.2%  34.1 1165s
 3972335 398355    0.02435   38   37    0.02239    0.03537  58.0%  34.1 1170s
 3990967 399190     cutoff   37         0.02239    0.03533  57.8%  34.1 1175s
 4009820 400098    0.02373   40   48    0.02239    0.03528  57.6%  34.1 1180s
 4029293 400847     cutoff   34         0.02239    0.03524  57.4%  34.0 1185s
 4045977 401689     cutoff   35         0.02239    0.03520  57.2%  34.0 1190s
 4063069 402380    0.02242   33   56    0.02239    0.03516  57.1%  34.0 1195s
 4079324 403124    0.02432   50   13    0.02239    0.03513  56.9%  34.0 1200s
 4097153 403991 infeasible   36         0.02239    0.03509  56.7%  34.0 1205s
 4113507 404832    0.03415   37   62    0.02239    0.03505  56.6%  34.0 1210s
 4130635 405640    0.02898   31   56    0.02239    0.03502  56.4%  33.9 1215s
 4147541 406400     cutoff   42         0.02239    0.03498  56.2%  33.9 1220s
 4166138 407164    0.02867   34   57    0.02239    0.03494  56.1%  33.9 1225s
 4185355 408014     cutoff   41         0.02239    0.03490  55.9%  33.9 1230s
 4205225 408958    0.02302   40   54    0.02239    0.03486  55.7%  33.9 1235s
 4223938 409911    0.02242   35   51    0.02239    0.03482  55.5%  33.9 1240s
 4242634 410812     cutoff   41         0.02239    0.03478  55.3%  33.8 1245s
 4263929 411675     cutoff   39         0.02239    0.03473  55.1%  33.8 1250s
 4284754 412769     cutoff   41         0.02239    0.03469  55.0%  33.8 1255s
 4302245 413774     cutoff   40         0.02239    0.03465  54.8%  33.8 1260s
 4317313 414584    0.02454   36   62    0.02239    0.03463  54.7%  33.8 1265s
 4334885 415362    0.02608   36   58    0.02239    0.03459  54.5%  33.8 1270s
 4354638 416350     cutoff   39         0.02239    0.03455  54.3%  33.7 1275s
 4371378 417230    0.02257   46   53    0.02239    0.03452  54.2%  33.7 1280s
 4388929 418065    0.03011   37   52    0.02239    0.03448  54.0%  33.7 1285s
 4407814 418973     cutoff   41         0.02239    0.03445  53.9%  33.7 1290s
 4427170 419915    0.02564   43   51    0.02239    0.03441  53.7%  33.7 1295s
H4437976 405289                       0.0229460    0.03439  49.9%  33.6 1297s
 4444333 405588    0.02589   37   51    0.02295    0.03437  49.8%  33.6 1300s
 4463226 406422    0.02525   40   55    0.02295    0.03433  49.6%  33.6 1305s
 4479418 406984     cutoff   41         0.02295    0.03430  49.5%  33.6 1310s
 4495313 407563    0.02436   42   51    0.02295    0.03426  49.3%  33.6 1315s
 4513882 408204     cutoff   40         0.02295    0.03423  49.2%  33.6 1320s
 4533034 408856     cutoff   44         0.02295    0.03419  49.0%  33.5 1325s
 4553794 409471     cutoff   36         0.02295    0.03415  48.8%  33.5 1330s
 4572996 409981    0.02463   52   24    0.02295    0.03411  48.6%  33.5 1335s
 4591598 410515    0.03003   38   63    0.02295    0.03407  48.5%  33.5 1340s
 4610801 411390 infeasible   54         0.02295    0.03403  48.3%  33.5 1345s
 4629126 411975    0.02320   35   55    0.02295    0.03399  48.1%  33.5 1350s
 4646577 412527     cutoff   40         0.02295    0.03396  48.0%  33.4 1355s
 4664040 412845    0.02625   43   50    0.02295    0.03392  47.8%  33.4 1360s
 4682168 413554    0.03194   30   55    0.02295    0.03388  47.7%  33.4 1365s
 4700582 414167    0.02883   43   65    0.02295    0.03385  47.5%  33.4 1370s
 4721183 414940    0.02793   29   59    0.02295    0.03381  47.3%  33.4 1375s
 4740550 415736     cutoff   43         0.02295    0.03377  47.2%  33.3 1380s
 4759840 416250    0.03003   41   54    0.02295    0.03373  47.0%  33.3 1385s
 4779703 416941     cutoff   41         0.02295    0.03369  46.8%  33.3 1390s
 4798132 417628     cutoff   37         0.02295    0.03366  46.7%  33.3 1395s
 4813785 418203    0.02333   35   50    0.02295    0.03363  46.6%  33.3 1400s
 4835511 418925    0.02474   31   52    0.02295    0.03359  46.4%  33.2 1405s
 4854727 419821     cutoff   48         0.02295    0.03355  46.2%  33.2 1410s
 4875293 420734    0.02617   37   54    0.02295    0.03351  46.1%  33.2 1415s
 4892826 421643    0.03077   40   58    0.02295    0.03348  45.9%  33.2 1420s
 4915283 422484    0.02491   37   14    0.02295    0.03344  45.7%  33.2 1425s
 4933920 423008    0.02589   39   51    0.02295    0.03341  45.6%  33.1 1430s
 4954510 424126    0.03244   33   55    0.02295    0.03337  45.4%  33.1 1435s
H4957030 411266                       0.0233381    0.03336  43.0%  33.1 1435s
H4957046 411266                       0.0233381    0.03336  43.0%  33.1 1435s
H4957053 411266                       0.0233381    0.03336  43.0%  33.1 1436s
H4957658 411289                       0.0233381    0.03336  43.0%  33.1 1436s
 4968532 411629    0.02920   43   56    0.02334    0.03334  42.9%  33.1 1440s
 4988486 412173     cutoff   40         0.02334    0.03330  42.7%  33.1 1445s
 5008557 412540    0.02747   40   42    0.02334    0.03327  42.5%  33.1 1450s
 5029605 413087     cutoff   38         0.02334    0.03323  42.4%  33.0 1455s
 5048519 413459     cutoff   38         0.02334    0.03319  42.2%  33.0 1460s
 5068933 413965    0.02598   39   55    0.02334    0.03316  42.1%  33.0 1465s
 5088046 414477 infeasible   38         0.02334    0.03312  41.9%  33.0 1470s
 5107544 415037    0.02970   30   60    0.02334    0.03308  41.8%  33.0 1475s
 5127349 415339    0.03240   37   46    0.02334    0.03304  41.6%  32.9 1480s
 5147580 415672    0.02460   41   60    0.02334    0.03301  41.4%  32.9 1485s
 5168018 416327    0.02462   36   50    0.02334    0.03297  41.3%  32.9 1490s
 5189243 416868     cutoff   42         0.02334    0.03293  41.1%  32.9 1495s
H5197052 417137                       0.0233381    0.03291  41.0%  32.9 1497s
 5205350 417357    0.03237   42   56    0.02334    0.03290  41.0%  32.9 1500s
 5226383 417841     cutoff   49         0.02334    0.03286  40.8%  32.8 1505s
 5243814 418240    0.02510   40   63    0.02334    0.03283  40.7%  32.8 1510s
 5263070 418628    0.02776   37   59    0.02334    0.03280  40.6%  32.8 1515s
 5281929 419078    0.02582   40   58    0.02334    0.03277  40.4%  32.8 1520s
H5284494 418872                       0.0233471    0.03277  40.4%  32.8 1520s
 5301795 419288    0.03211   33   66    0.02335    0.03274  40.2%  32.7 1525s
 5322015 419815     cutoff   37         0.02335    0.03270  40.1%  32.7 1530s
 5342683 420402    0.02689   40   56    0.02335    0.03267  39.9%  32.7 1535s
H5346516 420452                       0.0233471    0.03266  39.9%  32.7 1535s
 5360685 420942    0.02397   42   53    0.02335    0.03263  39.8%  32.7 1540s
 5381593 421436    0.03100   39   51    0.02335    0.03260  39.6%  32.7 1545s
 5400614 422193     cutoff   37         0.02335    0.03257  39.5%  32.6 1550s
 5418833 422664    0.02552   35   52    0.02335    0.03254  39.4%  32.6 1555s
 5439160 423353    0.02967   41   68    0.02335    0.03250  39.2%  32.6 1560s
 5457845 423907     cutoff   49         0.02335    0.03247  39.1%  32.6 1565s
 5477986 424391     cutoff   53         0.02335    0.03244  38.9%  32.5 1570s
H5491217 420125                       0.0234687    0.03242  38.1%  32.5 1572s
 5498271 420361     cutoff   36         0.02347    0.03241  38.1%  32.5 1575s
 5517394 420876     cutoff   41         0.02347    0.03238  38.0%  32.5 1580s
 5539594 421660    0.02992   35   56    0.02347    0.03234  37.8%  32.5 1585s
 5560039 422192    0.02360   41   55    0.02347    0.03231  37.7%  32.5 1590s
 5581467 422811    0.03012   37   47    0.02347    0.03228  37.5%  32.4 1595s
 5602304 423352     cutoff   34         0.02347    0.03224  37.4%  32.4 1600s
 5621557 423958     cutoff   63         0.02347    0.03221  37.2%  32.4 1605s
 5642967 424518     cutoff   32         0.02347    0.03218  37.1%  32.4 1610s
 5665807 424992    0.02693   35   64    0.02347    0.03214  37.0%  32.3 1615s
 5687379 425579     cutoff   46         0.02347    0.03211  36.8%  32.3 1620s
 5705529 426127    0.03208   37   57    0.02347    0.03209  36.7%  32.3 1625s
 5726561 426821     cutoff   40         0.02347    0.03206  36.6%  32.3 1630s
 5746436 427240    0.03196   39   47    0.02347    0.03203  36.5%  32.2 1635s
 5765493 427612     cutoff   36         0.02347    0.03200  36.3%  32.2 1640s
 5785432 427975     cutoff   38         0.02347    0.03197  36.2%  32.2 1645s
 5807511 428526 infeasible   42         0.02347    0.03194  36.1%  32.2 1650s
 5829258 428839     cutoff   38         0.02347    0.03190  35.9%  32.2 1655s
 5850719 429193     cutoff   45         0.02347    0.03187  35.8%  32.1 1660s
 5870510 429563    0.02789   37   48    0.02347    0.03184  35.7%  32.1 1665s
 5891791 430072    0.03128   37   52    0.02347    0.03181  35.6%  32.1 1670s
 5914596 430552    0.03039   33   56    0.02347    0.03178  35.4%  32.1 1675s
 5935091 430865     cutoff   37         0.02347    0.03175  35.3%  32.0 1680s
 5954725 431257     cutoff   36         0.02347    0.03172  35.2%  32.0 1685s
 5974436 431715     cutoff   39         0.02347    0.03169  35.0%  32.0 1690s
 5994702 432100     cutoff   46         0.02347    0.03166  34.9%  32.0 1695s
 6015284 432314     cutoff   40         0.02347    0.03163  34.8%  31.9 1700s
H6033689 432763                       0.0234687    0.03160  34.7%  31.9 1704s
 6033978 432764    0.02776   48   58    0.02347    0.03160  34.7%  31.9 1705s
 6052370 432960    0.02479   32   54    0.02347    0.03158  34.5%  31.9 1710s
 6073273 433167    0.02860   39   62    0.02347    0.03155  34.4%  31.9 1715s
 6091352 433701    0.02986   40   53    0.02347    0.03152  34.3%  31.9 1720s
 6113428 434223    0.02459   33   58    0.02347    0.03149  34.2%  31.8 1725s
 6135973 434590    0.02785   54   28    0.02347    0.03146  34.0%  31.8 1730s
 6158598 434877    0.02534   36   55    0.02347    0.03143  33.9%  31.8 1735s
 6181897 435324     cutoff   41         0.02347    0.03139  33.8%  31.8 1740s
 6201158 435662     cutoff   41         0.02347    0.03137  33.6%  31.7 1745s
 6220563 436097     cutoff   37         0.02347    0.03134  33.5%  31.7 1750s
 6242725 436630    0.03004   39   52    0.02347    0.03131  33.4%  31.7 1755s
 6263969 436861    0.02540   34   52    0.02347    0.03128  33.3%  31.7 1760s
 6284833 437346    0.02364   40   61    0.02347    0.03125  33.2%  31.7 1765s
 6305710 437891    0.02824   44   55    0.02347    0.03122  33.0%  31.6 1770s
 6328580 438289     cutoff   48         0.02347    0.03119  32.9%  31.6 1775s
 6350189 438516    0.02918   38   55    0.02347    0.03116  32.8%  31.6 1780s
H6368746 424154                       0.0237920    0.03114  30.9%  31.6 1784s
 6369940 424174    0.02762   41   56    0.02379    0.03114  30.9%  31.6 1785s
H6369942 424174                       0.0237920    0.03114  30.9%  31.6 1785s
H6370192 424197                       0.0237920    0.03114  30.9%  31.6 1785s
 6385755 424321    0.03110   32   44    0.02379    0.03112  30.8%  31.5 1790s
 6405688 424461    0.02688   36   61    0.02379    0.03109  30.7%  31.5 1795s
 6426000 424746    0.02410   42   59    0.02379    0.03106  30.6%  31.5 1800s
 6448850 424888     cutoff   36         0.02379    0.03103  30.4%  31.5 1805s
 6471153 425028     cutoff   40         0.02379    0.03100  30.3%  31.4 1810s
 6492598 425021    0.02399   40   50    0.02379    0.03097  30.2%  31.4 1815s
 6510722 425188    0.02612   42   57    0.02379    0.03094  30.1%  31.4 1820s
 6531377 425278    0.03075   36   60    0.02379    0.03092  30.0%  31.4 1825s
 6551759 425338    0.02669   47   45    0.02379    0.03089  29.8%  31.4 1830s
 6573889 425371    0.02391   39   47    0.02379    0.03086  29.7%  31.3 1835s
 6593192 425425    0.02438   32   47    0.02379    0.03083  29.6%  31.3 1840s
 6614635 425450    0.02730   31   44    0.02379    0.03080  29.5%  31.3 1845s
 6635201 425617    0.02573   35   61    0.02379    0.03078  29.4%  31.3 1850s
 6655478 425854    0.02416   35   62    0.02379    0.03075  29.3%  31.2 1855s
 6671766 425948     cutoff   47         0.02379    0.03073  29.2%  31.2 1860s
 6689171 426026     cutoff   38         0.02379    0.03071  29.1%  31.2 1865s
 6708813 426002    0.02882   39   61    0.02379    0.03068  29.0%  31.2 1870s
 6728805 426016     cutoff   40         0.02379    0.03066  28.9%  31.2 1875s
 6748079 426069     cutoff   36         0.02379    0.03063  28.8%  31.1 1880s
 6766339 425899    0.02519   48   49    0.02379    0.03061  28.7%  31.1 1885s
 6781960 425944    0.02768   43   51    0.02379    0.03059  28.6%  31.1 1890s
 6802515 426062    0.03010   44   59    0.02379    0.03056  28.5%  31.1 1895s
 6823593 425976     cutoff   50         0.02379    0.03054  28.4%  31.1 1900s
 6844996 426024    0.02473   38   54    0.02379    0.03051  28.3%  31.0 1905s
 6863641 426113    0.03049   40   60    0.02379    0.03049  28.2%  31.0 1910s
 6884867 426311    0.02865   37   58    0.02379    0.03047  28.0%  31.0 1915s
 6906428 426485     cutoff   40         0.02379    0.03044  27.9%  31.0 1920s
 6929499 426578     cutoff   46         0.02379    0.03041  27.8%  31.0 1925s
 6949299 426666     cutoff   38         0.02379    0.03039  27.7%  30.9 1930s
 6969479 426595     cutoff   45         0.02379    0.03036  27.6%  30.9 1935s
 6989490 426722    0.02621   43   51    0.02379    0.03034  27.5%  30.9 1940s
 7010177 426854     cutoff   45         0.02379    0.03031  27.4%  30.9 1945s
 7031424 426876     cutoff   42         0.02379    0.03029  27.3%  30.9 1950s
 7053910 426923     cutoff   38         0.02379    0.03026  27.2%  30.8 1955s
H7058506 426872                       0.0237920    0.03026  27.2%  30.8 1956s
H7059137 426859                       0.0237921    0.03026  27.2%  30.8 1956s
 7069575 426888     cutoff   32         0.02379    0.03024  27.1%  30.8 1960s
 7091209 426741    0.02884   38   64    0.02379    0.03022  27.0%  30.8 1965s
 7110868 426710 infeasible   52         0.02379    0.03020  26.9%  30.8 1970s
 7132683 426592     cutoff   42         0.02379    0.03017  26.8%  30.8 1975s
 7149642 426532    0.03006   32   55    0.02379    0.03015  26.7%  30.7 1980s
 7171321 426636    0.02835   41   57    0.02379    0.03013  26.6%  30.7 1985s
 7192860 426719    0.02666   44   45    0.02379    0.03010  26.5%  30.7 1990s
 7214678 426720     cutoff   34         0.02379    0.03008  26.4%  30.7 1995s
 7236019 426553    0.02467   41   55    0.02379    0.03005  26.3%  30.6 2000s
 7257556 426494    0.02595   45   50    0.02379    0.03003  26.2%  30.6 2005s
 7279826 426404    0.02400   35   53    0.02379    0.03000  26.1%  30.6 2010s
 7302698 426229    0.02754   34   56    0.02379    0.02997  26.0%  30.6 2015s
 7323023 426077    0.02790   43   32    0.02379    0.02995  25.9%  30.6 2020s
 7346230 425913     cutoff   51         0.02379    0.02992  25.8%  30.5 2025s
 7363670 425851     cutoff   45         0.02379    0.02990  25.7%  30.5 2030s
 7386596 426083     cutoff   53         0.02379    0.02988  25.6%  30.5 2035s
 7408467 425943    0.02447   30   58    0.02379    0.02985  25.5%  30.5 2040s
 7430418 425702    0.02549   40   50    0.02379    0.02982  25.3%  30.5 2045s
 7454607 425769     cutoff   53         0.02379    0.02980  25.2%  30.4 2050s
 7478758 425625     cutoff   39         0.02379    0.02977  25.1%  30.4 2055s
 7500050 425430    0.02640   34   52    0.02379    0.02974  25.0%  30.4 2060s
 7522655 425349     cutoff   37         0.02379    0.02972  24.9%  30.4 2065s
 7541451 425383     cutoff   40         0.02379    0.02970  24.8%  30.3 2070s
 7562010 425319    0.02543   46   52    0.02379    0.02968  24.8%  30.3 2075s
 7584153 425179     cutoff   37         0.02379    0.02965  24.6%  30.3 2080s
 7605956 424946    0.02636   39   55    0.02379    0.02963  24.5%  30.3 2085s
 7628167 424510     cutoff   40         0.02379    0.02960  24.4%  30.3 2090s
 7650300 424276     cutoff   41         0.02379    0.02958  24.3%  30.2 2095s
 7669942 423970     cutoff   38         0.02379    0.02956  24.2%  30.2 2100s
 7693267 423665     cutoff   42         0.02379    0.02953  24.1%  30.2 2105s
 7715964 423564     cutoff   41         0.02379    0.02951  24.0%  30.2 2110s
 7738653 423223    0.02444   43   33    0.02379    0.02948  23.9%  30.2 2115s
 7759946 423124    0.02943   42   58    0.02379    0.02946  23.8%  30.1 2120s
 7781961 422972    0.02383   34   55    0.02379    0.02944  23.7%  30.1 2125s
 7806034 422840    0.02492   44   59    0.02379    0.02941  23.6%  30.1 2130s
 7825535 422509    0.02617   34   58    0.02379    0.02939  23.5%  30.1 2135s
 7847372 422741    0.02534   32   45    0.02379    0.02937  23.5%  30.1 2140s
 7869582 422477     cutoff   39         0.02379    0.02935  23.4%  30.0 2145s
 7892291 422177 infeasible   47         0.02379    0.02933  23.3%  30.0 2150s
 7916315 421893     cutoff   42         0.02379    0.02930  23.2%  30.0 2155s
 7937106 421616    0.02925   42   56    0.02379    0.02928  23.1%  30.0 2160s
 7958343 421411     cutoff   61         0.02379    0.02926  23.0%  30.0 2165s
 7979695 421205    0.02477   54   38    0.02379    0.02924  22.9%  29.9 2170s
 8001595 420925 infeasible   41         0.02379    0.02922  22.8%  29.9 2175s
 8023298 420700     cutoff   49         0.02379    0.02920  22.7%  29.9 2180s
 8044302 420433    0.02698   45   51    0.02379    0.02917  22.6%  29.9 2185s
 8064749 420152    0.02596   43   58    0.02379    0.02915  22.5%  29.9 2190s
 8087738 419685    0.02733   41   55    0.02379    0.02913  22.4%  29.8 2195s
 8108136 419490     cutoff   39         0.02379    0.02911  22.3%  29.8 2200s
 8129623 419862    0.02399   32   46    0.02379    0.02909  22.3%  29.8 2205s
 8146711 421455    0.02388   38   69    0.02379    0.02909  22.3%  29.8 2210s
H8160563 357939                       0.0247987    0.02908  17.3%  29.8 2213s
H8160750 357870                       0.0247987    0.02908  17.3%  29.8 2213s
H8161238 357837                       0.0247987    0.02908  17.3%  29.8 2213s
H8161839 357805                       0.0247987    0.02908  17.3%  29.8 2213s
 8166749 357467     cutoff   51         0.02480    0.02907  17.2%  29.8 2215s
 8190159 356089    0.02600   35   63    0.02480    0.02904  17.1%  29.8 2220s
 8215581 354830    0.02703   43   54    0.02480    0.02901  17.0%  29.7 2225s
 8236392 353648     cutoff   38         0.02480    0.02898  16.9%  29.7 2230s
 8261049 352037    0.02599   41   55    0.02480    0.02895  16.7%  29.7 2235s
 8282323 350709    0.02647   35   58    0.02480    0.02892  16.6%  29.7 2240s
 8303787 349559    0.02651   33   51    0.02480    0.02889  16.5%  29.6 2245s
H8317732 348757                       0.0247987    0.02888  16.4%  29.6 2248s
H8318587 348693                       0.0247987    0.02888  16.4%  29.6 2249s
 8321975 348359     cutoff   41         0.02480    0.02887  16.4%  29.6 2250s
 8344590 346856     cutoff   38         0.02480    0.02884  16.3%  29.6 2255s
 8366858 345175    0.02485   43   47    0.02480    0.02881  16.2%  29.6 2260s
 8391245 343496    0.02653   46   52    0.02480    0.02878  16.1%  29.6 2265s
 8412391 341962    0.02559   54   42    0.02480    0.02875  15.9%  29.5 2270s
 8435876 340225     cutoff   40         0.02480    0.02872  15.8%  29.5 2275s
 8459275 338587    0.02860   33   53    0.02480    0.02869  15.7%  29.5 2280s
 8480633 336985    0.02750   44   57    0.02480    0.02866  15.6%  29.5 2285s
 8504341 335185    0.02520   47   46    0.02480    0.02863  15.4%  29.4 2290s
 8527495 333567     cutoff   49         0.02480    0.02860  15.3%  29.4 2295s
 8551134 331791    0.02852   39   53    0.02480    0.02857  15.2%  29.4 2300s
 8574409 330021    0.02684   48   35    0.02480    0.02854  15.1%  29.4 2305s
 8594144 328474    0.02851   44   55    0.02480    0.02851  15.0%  29.4 2310s
 8616424 326810     cutoff   43         0.02480    0.02848  14.9%  29.3 2315s
 8640585 324836    0.02707   45   36    0.02480    0.02845  14.7%  29.3 2320s
 8664468 323037     cutoff   39         0.02480    0.02842  14.6%  29.3 2325s
 8686005 321193     cutoff   53         0.02480    0.02839  14.5%  29.3 2330s
 8708130 319336     cutoff   42         0.02480    0.02836  14.4%  29.2 2335s
 8730870 317405    0.02578   47   52    0.02480    0.02833  14.2%  29.2 2340s
 8755197 315076    0.02714   45   24    0.02480    0.02830  14.1%  29.2 2345s
 8780145 312807     cutoff   33         0.02480    0.02826  14.0%  29.2 2350s
 8799129 310959    0.02613   33   48    0.02480    0.02824  13.9%  29.2 2355s
 8822289 309107     cutoff   40         0.02480    0.02821  13.7%  29.1 2360s
 8845492 307109    0.02530   53   55    0.02480    0.02818  13.6%  29.1 2365s
 8867812 305051    0.02629   43   53    0.02480    0.02815  13.5%  29.1 2370s
 8890866 302937    0.02737   34   56    0.02480    0.02811  13.4%  29.1 2375s
 8911724 300788     cutoff   41         0.02480    0.02808  13.3%  29.0 2380s
 8936115 298573    0.02692   43   48    0.02480    0.02805  13.1%  29.0 2385s
 8956439 296457    0.02777   44   53    0.02480    0.02802  13.0%  29.0 2390s
 8981103 293943    0.02522   42   52    0.02480    0.02799  12.9%  29.0 2395s
 9005140 291499     cutoff   67         0.02480    0.02795  12.7%  28.9 2400s
 9028263 289127     cutoff   51         0.02480    0.02792  12.6%  28.9 2405s
 9047312 287156    0.02496   44   62    0.02480    0.02789  12.5%  28.9 2410s
 9071481 284750     cutoff   34         0.02480    0.02786  12.3%  28.9 2415s
 9095024 282612    0.02705   44   60    0.02480    0.02783  12.2%  28.9 2420s
 9117966 280166    0.02770   45   39    0.02480    0.02780  12.1%  28.8 2425s
 9139317 277848    0.02752   41   62    0.02480    0.02777  12.0%  28.8 2430s
 9163353 275153    0.02581   38   57    0.02480    0.02773  11.8%  28.8 2435s
 9187040 272518     cutoff   37         0.02480    0.02770  11.7%  28.8 2440s
 9210354 269841 infeasible   47         0.02480    0.02767  11.6%  28.7 2445s
 9233427 267228    0.02587   41   54    0.02480    0.02763  11.4%  28.7 2450s
 9258089 264504    0.02499   43   56    0.02480    0.02759  11.3%  28.7 2455s
 9279128 261955    0.02751   45   61    0.02480    0.02756  11.1%  28.7 2460s
 9301986 259294    0.02508   42   44    0.02480    0.02753  11.0%  28.6 2465s
 9322382 256834     cutoff   39         0.02480    0.02750  10.9%  28.6 2470s
 9342566 254509     cutoff   39         0.02480    0.02747  10.8%  28.6 2475s
 9364478 251938     cutoff   48         0.02480    0.02744  10.6%  28.6 2480s

Cutting planes:
  Gomory: 33
  Implied bound: 16
  MIR: 18
  Mixing: 2
  Flow cover: 105
  RLT: 137
  Relax-and-lift: 21
  BQP: 51

Explored 9372644 nodes (267843244 simplex iterations) in 2481.54 seconds (2845.32 work units)
Thread count was 4 (of 4 available processors)

Solution count 10: 0.0247987 0.0237921 0.023792 ... 0.0205004

Optimization achieved user objective limit
Best objective 2.479869418998e-02, best bound 2.742614795677e-02, gap 10.5951%
{"verdict": "PROVED", "status": "BOUND_REACHED", "runtime": 2481.545662879944, "objval": 0.024798694189979407, "objbound": 0.027426147956769842, "binaries": 70}
